3.19557655757914	6.39115311515828
