2.10296897372852	4.20593794745704
