1.79484717780724	3.58969435561448
