4.95847295271233	9.91694590542465
